Delta0 = 0.0611577
Vd0 = 0.0617308
Vq0 = 1.00811
Id0 = 0.495315
Iq0 = 1.01531
Efq0 = 1.08043
Eq10 = 1.03823
Eq20 = 1.02792
Ed10 = -0.0366526
Ed20 = 0.000812247

Delta0 = 0.268744
Vd0 = 0.180665
Vq0 = 0.99371
Id0 = 0.664709
Iq0 = 1.51947
Efq0 = 1.58916
Eq10 = 1.07274
Eq20 = 1.05287
Ed10 = -0.118518
Ed20 = 0.0454321

Delta0 = 0.172003
Vd0 = 0.146476
Vq0 = 0.999322
Id0 = 0.291034
Iq0 = 0.807918
Efq0 = 1.38145
Eq10 = 1.05209
Eq20 = 1.03046
Ed10 = -0.055504
Ed20 = 0.0600283

