Vr0 = -9.25596e+61
Vr10 = -9.25596e+61
Vf0 = -9.25596e+61
Vm0 = -9.25596e+61
Vref0 = -9.25596e+61

Vr0 = -9.25596e+61
Vr10 = -9.25596e+61
Vf0 = -9.25596e+61
Vm0 = -9.25596e+61
Vref0 = -9.25596e+61

Vr0 = -9.25596e+61
Vr10 = -9.25596e+61
Vf0 = -9.25596e+61
Vm0 = -9.25596e+61
Vref0 = -9.25596e+61

