Delta0 = 0.0958478
Vd0 = 0.0966581
Vq0 = 1.00536
Id0 = 0.530173
Iq0 = 0.997504
Efq0 = 1.08277
Eq10 = 1.0376
Eq20 = 1.02657
Ed10 = 2.77556e-17
Ed20 = 0.0368079

Delta0 = 0.894261
Vd0 = 0.728336
Vq0 = 0.699733
Id0 = 1.42857
Iq0 = 0.842494
Efq0 = 1.97945
Eq10 = 0.86959
Eq20 = 0.826876
Ed10 = 0.562449
Ed20 = 0.653354

Delta0 = 0.739299
Vd0 = 0.660471
Vq0 = 0.764119
Id0 = 0.679552
Iq0 = 0.525017
Efq0 = 1.65637
Eq10 = 0.887322
Eq20 = 0.836831
Ed10 = 0.529217
Ed20 = 0.604294

